<?xml version="1.0" encoding="UTF-8" standalone="no"?>
<!DOCTYPE svg PUBLIC "-//W3C//DTD SVG 20010904//EN"
              "http://www.w3.org/TR/2001/REC-SVG-20010904/DTD/svg10.dtd">

<svg xmlns="http://www.w3.org/2000/svg"
     width="1.31944in" height="1.36111in"
     viewBox="0 0 95 98">
  <path id="Selection"
        fill="none" stroke="black" stroke-width="1"
        d="M 95.00,0.00
           C 95.00,0.00 95.00,98.00 95.00,98.00
             95.00,98.00 0.00,98.00 0.00,98.00
             0.00,98.00 0.00,0.00 0.00,0.00
             0.00,0.00 95.00,0.00 95.00,0.00 Z
           M 81.29,12.21
           C 77.52,7.89 72.42,7.07 67.00,7.00
             67.00,7.00 23.00,7.00 23.00,7.00
             6.65,7.22 7.00,19.57 7.00,32.00
             7.00,32.00 31.00,32.00 31.00,32.00
             31.00,32.00 29.00,38.00 29.00,38.00
             35.48,29.46 43.70,23.21 54.00,30.00
             46.91,27.70 41.56,27.40 35.17,32.11
             25.19,39.46 26.70,54.86 37.00,61.15
             48.18,67.98 62.66,59.83 63.61,47.00
             64.15,39.74 59.70,34.82 55.00,30.00
             55.00,30.00 60.00,32.01 60.00,32.01
             60.00,32.01 85.00,32.01 85.00,32.01
             85.00,25.21 86.11,17.73 81.29,12.21 Z
           M 64.80,48.00
           C 63.63,59.75 50.26,68.84 38.00,62.95
             32.20,60.16 30.41,55.94 27.00,51.00
             28.67,65.76 46.67,71.41 57.96,63.20
             66.93,56.68 67.61,45.62 64.00,36.00
             62.83,40.30 65.27,43.32 64.80,48.00 Z
           M 27.00,51.00
           C 27.00,51.00 28.00,38.00 28.00,38.00
             25.71,41.95 25.31,46.74 27.00,51.00 Z" />
</svg>
